  	a    b    c    d    e    f    g    h    i    j    k    l    m    n    o    p    q    r    s    t    u    v    w    x    y    z    
a	0    101  66   154  0    27   53   12   239  5    45   394  87   604  1    29   0    306  370  439  23   55   31   0    86   0    |3127
b	28   43   0    0    147  0    0    0    62   2    0    57   1    0    78   0    0    28   1    2    58   0    0    0    35   0    |542
c	140  0    5    0    308  0    0    158  6    0    57   14   0    0    125  0    0    60   0    32   42   0    0    0    1    0    |948
d	18   0    0    32   186  2    16   0    74   1    0    26   0    9    176  1    0    33   37   0    28   8    1    0    13   0    |661
e	279  12   43   351  171  26   38   11   30   0    3    160  88   371  12   43   0    657  230  141  0    59   16   31   72   6    |2850
f	46   0    0    0    53   46   0    0    62   0    0    16   0    0    123  0    0    43   0    30   31   0    0    0    1    0    |451
g	84   0    0    1    121  0    9    109  25   0    0    33   0    5    82   0    0    61   19   1    16   0    0    0    0    1    |567
h	366  2    0    0    1488 0    0    0    265  0    0    0    3    0    186  0    0    37   0    74   31   0    0    0    16   0    |2468
i	16   9    264  227  70   40   81   0    6    0    37   120  67   775  90   8    0    87   209  497  0    22   0    2    0    17   |2644
j	4    0    0    0    12   0    0    0    0    0    0    0    0    0    2    0    0    0    0    0    41   0    0    0    0    0    |59
k	5    0    0    0    156  0    0    0    85   0    0    1    0    38   0    0    0    0    4    0    1    0    0    0    4    0    |294
l	138  1    0    96   288  54   1    0    350  0    24   283  2    0    131  3    0    1    13   16   34   7    2    0    148  0    |1592
m	108  22   0    0    233  3    0    0    64   0    0    0    7    9    107  29   0    0    14   0    37   0    0    0    23   0    |656
n	38   6    56   525  203  8    416  0    57   0    38   35   0    19   178  1    4    1    53   163  17   7    1    5    33   0    |1864
o	7    3    17   38   10   253  19   18   51   5    89   67   125  392  207  50   10   253  49   157  511  37   214  7    1    1    |2591
p	61   2    0    0    105  0    1    1    55   0    0    62   0    0    64   35   0    40   9    12   16   0    0    0    4    0    |467
q	0    0    0    0    0    0    0    0    0    0    0    0    0    0    0    0    0    0    0    0    85   0    0    0    0    0    |85
r	149  1    20   76   399  1    42   3    142  0    24   19   28   32   185  35   0    35   119  67   22   2    2    0    108  0    |1511
s	214  1    14   0    287  0    0    356  93   0    14   22   13   13   133  24   1    0    88   260  55   0    13   0    3    0    |1604
t	102  0    18   0    262  2    0    1279 192  0    0    98   8    8    362  1    0    88   70   131  45   0    21   0    23   0    |2710
u	8    11   70   25   64   1    49   0    27   0    0    90   18   92   0    72   0    157  185  203  0    0    0    0    0    3    |1075
v	4    0    0    0    235  0    0    0    29   0    0    0    0    0    28   0    0    0    0    0    1    0    0    0    0    0    |297
w	253  0    0    7    119  3    0    193  137  0    0    8    0    61   83   0    0    5    4    0    0    0    4    0    0    0    |877
x	4    0    3    0    6    0    0    0    6    0    0    0    0    0    0    3    0    0    0    16   0    0    0    0    0    0    |38
y	2    2    0    0    28   0    0    0    18   0    0    2    2    0    146  0    0    1    7    10   0    0    1    0    0    0    |219
z	1    0    0    0    19   0    0    0    6    0    0    3    0    0    0    0    0    0    0    0    0    0    0    0    0    3    |32
	__________________________________________________________________________________________________________________________________
total:	2075 216  576  1532 4970 466  725  2140 2081 13   331  1510 449  2428 2499 334  15   1893 1481 2251 1094 197  306  45   571  31   
